77309
57701
35514
65797
66056
67619
9127
22282
5760
48473
67188
51408
64665
94215
57030
14927
71849
80061
23278
2817
23430
59855
82167
53953
9913
10722
445
48388
69611
86604
56215
17272
70635
96316
81173
97205
49657
7195
63888
56005
24546
58678
33260
47438
6891
29237
70393
9263
30917
67775
60076
29033
87561
26451
60572
78720
90240
47848
17362
23757
5543
42772
11578
97209
90982
78313
28391
39534
79135
26172
49409
19544
40313
17398
57971
43711
88255
77454
30929
24199
93365
73172
82210
51356
11359
63048
2109
92074
32505
15558
76974
82977
21799
7606
91214
5910
10825
94394
7676
66026
20879
48204
19484
7399
75818
71282
15605
20008
91490
5600
65449
84882
64113
87646
43870
52584
25233
39502
86902
91431
50294
26152
60813
11173
97387
83050
32436
81510
2050
83787
99062
88294
89702
44504
41189
70307
27928
34646
21472
5124
9521
2310
91835
3439
76510
8568
68383
45073
93021
53943
12860
77797
74386
705
13078
34684
10072
80329
95835
25929
24017
75370
61292
69395
19061
56074
65337
50238
19333
27383
84511
80795
90115
73820
3431
99596
7392
60207
76834
38238
829
66764
10591
28547
97934
6893
57002
83927
9329
26856
11705
95338
38333
79015
31744
81162
68157
7319
34879
95830
72572
31327
80630
87247
81939
11797
79077
33107
9091
20898
40440
79941
49164
12934
70487
78954
40280
79575
77951
59361
90713
97945
79175
15957
55362
20275
85118
50349
40173
49838
72043
25864
62204
23829
46140
49080
3738
59988
40532
81890
22429
43034
5287
11607
38808
17748
41535
99408
32416
12885
35257
35297
79764
2593
75785
57870
76024
15521
10648
30210
11723
99858
44018
60861
41505
72170
11796
77464
97690
75472
86097
64765
49147
73517
38731
38866
24829
93862
62812
55382
60007
78986
8689
64793
10978
32029
6037
28258
3174
80412
15578
93857
87093
97180
11077
30067
39605
32018
18030
92371
22488
81448
26710
37326
11616
40703
81682
16400
13786
2524
21612
49767
32062
63506
8973
54497
84631
39999
81119
31002
77487
40986
44121
48903
1796
57594
11525
90034
11475
13081
51508
52921
32662
63956
95156
81134
46578
26394
68072
865
86372
48578
93354
9574
87976
96983
9946
53734
51204
10393
17762
48994
59306
31389
19747
57461
57776
62173
27049
14396
39155
73551
95978
34138
99279
19796
49199
75842
70609
7420
51329
16897
2684
4935
36160
57026
62542
32766
5883
75925
18422
2383
8354
11531
41636
20187
45262
12422
92081
78218
72004
63288
87365
1806
91048
81729
78693
26856
45863
64641
