77309
3705
23133
27502
32962
57701
45918
39507
53415
78733
35514
27215
88758
12584
61327
65797
15775
42889
42752
15740
66056
87852
34328
59185
67808
67619
81754
4872
46188
1742
9127
62105
64649
1604
53458
22282
15035
13710
1887
91256
5760
68097
9390
14699
34526
48473
12963
97870
63730
86529
67188
78235
76579
47605
15047
51408
49445
44601
60621
59219
64665
68666
79022
59635
92450
94215
12472
14562
99983
24210
57030
88978
85284
88691
99410
14927
96252
88312
71815
71939
71849
2223
56579
84124
29297
80061
45782
48933
90363
58377
23278
3481
77792
53152
33092
2817
61665
25076
18554
5633
23430
16104
56690
60054
39026
59855
35014
10047
38398
81284
82167
48807
57880
98718
28879
53953
22276
85567
43067
94750
9913
92043
27863
93714
2388
10722
14110
52911
57073
97735
445
24053
29548
6018
8727
48388
39650
63868
86192
63950
69611
66823
61979
38465
18547
86604
8865
29142
9103
99480
56215
34135
73652
19902
88885
17272
50138
71642
33505
79729
70635
94571
271
26887
35206
96316
60907
74833
87479
46672
81173
23754
8679
3550
16599
97205
66594
60576
34500
46227
49657
94911
99617
90525
6051
7195
45445
48376
68117
93229
63888
99833
65720
92655
16110
56005
23314
87676
13282
63037
24546
23225
47929
81871
82127
58678
88698
35735
56896
13304
33260
91891
51429
31142
56460
47438
32791
45208
671
62879
6891
30469
28760
73522
14470
29237
64739
28178
40717
64160
70393
75783
90429
45720
81875
9263
7682
68088
16714
33134
30917
49569
96188
98951
96966
67775
55872
6827
12551
94739
